VERSION 1
ARS10
1.520364
-2.031711e-10
 5.492546e+03
-3.122078e+07
-1.308047e-02
 1.065853e-10
-4.021680e+01
 5.013696e+06
 8.982328e-05
-2.856826e-12
-2.122454e-01
 0.0
 0.0
 0.0
 0.0
 0.0
 0.0
 0.0
 0.0
 0.0
ARS20
1.520364
-2.031711e-10
 5.492546e+03
-3.122078e+07
-3.394710e-03
 2.109024e-10
 3.641714e+01
-2.596082e+06
 5.601395e-06
-1.639106e-13
-1.197149e-02
0
 0.0
 0.0
 0.0
 0.0
 0.0
 0.0
 0.0
 0.0
ARS27
1.520364
-2.031711e-10
 5.492546e+03
-3.122078e+07
-1.794301e-03
 1.461641e-11
-5.517312e+00
 6.877843e+05
 1.682462e-06
-4.213865e-14
-2.718447e-03
0
 0.0
 0.0
 0.0
 0.0
 0.0
 0.0
 0.0
 0.0
ARS31
1.520364
-2.031711e-10
 5.492546e+03
-3.122078e+07
-1.361131e-03
 1.109108e-11
-4.184891e+00
 5.217166e+05
 1.016730e-06
-3.012678e-14
-2.176479e-02
0
 0.0
 0.0
 0.0
 0.0
 0.0
 0.0
 0.0
 0.0

