GSF 0.39 1.099
5.875600000E-01
-6.327397328E-01
3.080018560E+00
-5.370744129E+00
3.220689981E+00
5.741479417E-01
-2.708636320E+00
4.453790327E+00
-2.530461234E+00
-3.483754336E-01
1.715770883E+00
-2.414723752E+00
9.937145342E-01
2.896918649E+00
-1.455109340E+01
2.533502225E+01
-1.485211458E+01
GSFIR 1.1 2.1
0.5875618	
-0.48568075	
2.72060891	
-5.41937234	
3.58728289	
0.59812187	
-2.68122596	
4.50198642	
-2.46433382	
-0.47024399	
1.64949632	
-2.44990065	
0.97599669	
2.77568924	
-14.62498392	
25.29129816	
-14.87729145	
	
	