GK
0.365 2.5
0.58756
4 1
-0.55614 0.352371 0.151477 -0.09623
-0.62557 0.598486 0.13299 -0.17695
6.52725 -1.23732 -5.93953 2.83301
-0.1219
0.020965
109.949
GLAK
0.365 0.725
0.58756
4 1
0.00522664 0.0206983 -0.00450304 0.006873
0.0472841 0.0429402 -0.00724884 -0.0445419
0.988601 0.057962 0.0941671 0.152672
0.0421634
0.0368588
110
GSF
0.38 2.2
0.58756
6 3
-0.0683636 -0.0323639 -0.0286748 -0.0169163 0.00256909 0.0174719
-0.00109783 0.0334663 0.0388098 0.0370413 0.017429 -0.0405421
0.931075 -0.0306245 -0.0392756 -0.0423487 -0.0256629 0.0437821
0.00498103 0.000410271 2.44E-05
0.082168 0.0343531 -0.0337717
110 0.000285988 0.000362547
GTAG
0.40 2.0
0.67
3 1
0.11098 0.0 -0.06172
0.0 0.0 0.0
0.0 0.0 0.0
0.0
0.0
0.0
GTLI
0.40 2.0
0.67
3 1
0.05735 0.0 -0.03843
0.0 0.0 0.0
0.0 0.0 0.0
0.0
0.0
0.0
GTRY
0.45 1.6
0.656
3 1
0.01378 0.0 -0.02518
0.0 0.0 0.0
0.0 0.0 0.0
0.0
0.0
0.0
GTAGF
0.40 2.0
0.69
3 1
0.12308 0.0 -0.06537
0.0 0.0 0.0
0.0 0.0 0.0
0.0
0.0
0.0
GTLIVIS
0.40 0.9
0.67
3 1
0.0205 0.0 -0.02256
0.0 0.0 0.0
0.0 0.0 0.0
0.0
0.0
0.0